m = 20;
n = 36;
l = [185, 190, 200, 180, 200, 190, 200, 180, 200, 190, 180, 190, 200, 180, 185, 180, 195, 190, 195, 190];
s = [81, 117, 41, 66, 50, 37, 104, 46, 101, 39, 37, 36, 66, 105, 41, 96, 70, 79, 3, 56, 50, 24, 26, 61, 69, 58, 33, 17, 23, 38, 7, 10, 25, 17, 17, 19];
D = [| 0, 82, 24, 78, 34, 111, 92, 131, 81, 18, 19, 59, 76, 77, 77, 61, 54, 115, 156, 107, 135, 163, 58, 57, 55, 21, 156, 112, 100, 86, 164, 119, 38, 68, 107, 90, 47
| 82, 0, 102, 146, 75, 42, 166, 56, 158, 84, 98, 59, 74, 101, 81, 34, 123, 68, 78, 92, 208, 236, 125, 50, 135, 98, 165, 120, 37, 51, 103, 40, 112, 24, 29, 19, 80
| 24, 102, 0, 88, 50, 128, 73, 153, 60, 32, 28, 76, 93, 93, 99, 79, 64, 132, 173, 124, 114, 146, 69, 79, 38, 18, 172, 128, 122, 103, 181, 136, 42, 91, 124, 112, 64
| 78, 146, 88, 0, 74, 111, 34, 203, 83, 67, 92, 88, 72, 46, 151, 113, 129, 82, 138, 56, 62, 90, 25, 130, 126, 70, 84, 42, 173, 96, 95, 164, 47, 139, 132, 161, 67
| 34, 75, 50, 74, 0, 77, 93, 131, 83, 19, 53, 26, 42, 43, 78, 42, 78, 81, 122, 73, 136, 163, 51, 58, 88, 33, 122, 78, 100, 52, 130, 94, 38, 67, 73, 89, 13
| 111, 42, 128, 111, 77, 0, 130, 94, 135, 96, 130, 51, 40, 65, 114, 51, 155, 30, 45, 56, 173, 201, 89, 82, 166, 110, 129, 85, 70, 26, 64, 53, 88, 56, 21, 53, 64
| 92, 166, 73, 34, 93, 130, 0, 222, 57, 85, 99, 107, 91, 66, 169, 133, 134, 103, 157, 82, 43, 77, 43, 149, 100, 71, 111, 71, 192, 115, 122, 183, 55, 158, 151, 180, 86
| 131, 56, 153, 203, 131, 94, 222, 0, 212, 140, 126, 115, 131, 157, 78, 90, 118, 124, 85, 149, 265, 293, 181, 74, 156, 152, 222, 177, 36, 107, 158, 50, 169, 65, 73, 43, 137
| 81, 158, 60, 83, 83, 135, 57, 212, 0, 74, 88, 101, 98, 91, 158, 125, 122, 131, 174, 121, 74, 112, 67, 138, 66, 60, 167, 124, 181, 116, 178, 175, 52, 150, 145, 171, 81
| 18, 84, 32, 67, 19, 96, 85, 140, 74, 0, 34, 44, 60, 61, 86, 53, 67, 99, 140, 91, 128, 156, 45, 66, 70, 17, 140, 96, 108, 71, 148, 106, 30, 76, 91, 98, 31
| 19, 98, 28, 92, 53, 130, 99, 126, 88, 34, 0, 78, 94, 95, 70, 79, 42, 133, 174, 126, 142, 171, 73, 56, 43, 30, 174, 131, 95, 105, 182, 137, 48, 75, 125, 88, 65
| 59, 59, 76, 88, 26, 51, 107, 115, 101, 44, 78, 0, 22, 42, 70, 26, 103, 55, 96, 48, 150, 177, 65, 45, 114, 58, 115, 64, 85, 27, 104, 76, 53, 51, 49, 73, 21
| 76, 74, 93, 72, 42, 40, 91, 131, 98, 60, 94, 22, 0, 26, 86, 41, 120, 39, 80, 32, 134, 162, 50, 61, 130, 74, 99, 48, 101, 24, 88, 92, 52, 67, 60, 89, 29
| 77, 101, 93, 46, 43, 65, 66, 157, 91, 61, 95, 42, 26, 0, 105, 67, 121, 43, 92, 31, 108, 135, 29, 84, 131, 75, 85, 36, 127, 50, 89, 118, 51, 93, 86, 115, 30
| 77, 81, 99, 151, 78, 114, 169, 78, 158, 86, 70, 70, 86, 105, 0, 63, 45, 118, 158, 113, 212, 240, 129, 34, 97, 98, 180, 128, 49, 89, 167, 120, 115, 57, 108, 68, 84
| 61, 34, 79, 113, 42, 51, 133, 90, 125, 53, 79, 26, 41, 67, 63, 0, 104, 55, 96, 60, 175, 203, 92, 32, 115, 67, 134, 87, 59, 27, 104, 59, 79, 26, 46, 47, 47
| 54, 123, 64, 129, 78, 155, 134, 118, 122, 67, 42, 103, 120, 121, 45, 104, 0, 159, 199, 151, 176, 205, 108, 73, 60, 68, 200, 156, 90, 130, 208, 162, 86, 99, 150, 110, 91
| 115, 68, 132, 82, 81, 30, 103, 124, 131, 99, 133, 55, 39, 43, 118, 55, 159, 0, 56, 27, 144, 171, 68, 87, 169, 113, 99, 54, 94, 29, 49, 83, 92, 65, 51, 82, 68
| 156, 78, 173, 138, 122, 45, 157, 85, 174, 140, 174, 96, 80, 92, 158, 96, 199, 56, 0, 82, 200, 228, 116, 127, 210, 154, 156, 111, 112, 70, 90, 38, 133, 101, 50, 92, 109
| 107, 92, 124, 56, 73, 56, 82, 149, 121, 91, 126, 48, 32, 31, 113, 60, 151, 27, 82, 0, 118, 146, 56, 84, 161, 106, 76, 28, 119, 42, 57, 109, 83, 85, 77, 107, 60
| 135, 208, 114, 62, 136, 173, 43, 265, 74, 128, 142, 150, 134, 108, 212, 175, 176, 144, 200, 118, 0, 49, 84, 192, 121, 114, 100, 90, 235, 158, 121, 226, 98, 201, 194, 223, 129
| 163, 236, 146, 90, 163, 201, 77, 293, 112, 156, 171, 177, 162, 135, 240, 203, 205, 171, 228, 146, 49, 0, 112, 220, 165, 142, 79, 118, 263, 186, 141, 254, 126, 229, 222, 251, 157
| 58, 125, 69, 25, 51, 89, 43, 181, 67, 45, 73, 65, 50, 29, 129, 92, 108, 68, 116, 56, 84, 112, 0, 108, 107, 51, 102, 59, 151, 74, 113, 142, 28, 117, 110, 139, 44
| 57, 50, 79, 130, 58, 82, 149, 74, 138, 66, 56, 45, 61, 84, 34, 32, 73, 87, 127, 84, 192, 220, 108, 0, 93, 78, 154, 105, 43, 58, 136, 89, 95, 26, 77, 39, 63
| 55, 135, 38, 126, 88, 166, 100, 156, 66, 70, 43, 114, 130, 131, 97, 115, 60, 169, 210, 161, 121, 165, 107, 93, 0, 56, 209, 166, 124, 141, 218, 173, 79, 113, 161, 128, 101
| 21, 98, 18, 70, 33, 110, 71, 152, 60, 17, 30, 58, 74, 75, 98, 67, 68, 113, 154, 106, 114, 142, 51, 78, 56, 0, 153, 110, 121, 85, 162, 120, 23, 90, 105, 111, 45
| 156, 165, 172, 84, 122, 129, 111, 222, 167, 140, 174, 115, 99, 85, 180, 134, 200, 99, 156, 76, 100, 79, 102, 154, 209, 153, 0, 58, 192, 114, 66, 182, 130, 157, 150, 179, 111
| 112, 120, 128, 42, 78, 85, 71, 177, 124, 96, 131, 64, 48, 36, 128, 87, 156, 54, 111, 28, 90, 118, 59, 105, 166, 110, 58, 0, 147, 70, 54, 138, 87, 113, 106, 135, 65
| 100, 37, 122, 173, 100, 70, 192, 36, 181, 108, 95, 85, 101, 127, 49, 59, 90, 94, 112, 119, 235, 263, 151, 43, 124, 121, 192, 147, 0, 77, 130, 75, 138, 34, 63, 21, 106
| 86, 51, 103, 96, 52, 26, 115, 107, 116, 71, 105, 27, 24, 50, 89, 27, 130, 29, 70, 42, 158, 186, 74, 58, 141, 85, 114, 70, 77, 0, 78, 68, 69, 43, 36, 65, 41
| 164, 103, 181, 95, 130, 64, 122, 158, 178, 148, 182, 104, 88, 89, 167, 104, 208, 49, 90, 57, 121, 141, 113, 136, 218, 162, 66, 54, 130, 78, 0, 117, 141, 113, 85, 116, 117
| 119, 40, 136, 164, 94, 53, 183, 50, 175, 106, 137, 76, 92, 118, 120, 59, 162, 83, 38, 109, 226, 254, 142, 89, 173, 120, 182, 138, 75, 68, 117, 0, 130, 63, 32, 54, 98
| 38, 112, 42, 47, 38, 88, 55, 169, 52, 30, 48, 53, 52, 51, 115, 79, 86, 92, 133, 83, 98, 126, 28, 95, 79, 23, 130, 87, 138, 69, 141, 130, 0, 105, 98, 127, 32
| 68, 24, 91, 139, 67, 56, 158, 65, 150, 76, 75, 51, 67, 93, 57, 26, 99, 65, 101, 85, 201, 229, 117, 26, 113, 90, 157, 113, 34, 43, 113, 63, 105, 0, 51, 22, 73
| 107, 29, 124, 132, 73, 21, 151, 73, 145, 91, 125, 49, 60, 86, 108, 46, 150, 51, 50, 77, 194, 222, 110, 77, 161, 105, 150, 106, 63, 36, 85, 32, 98, 51, 0, 42, 66
| 90, 19, 112, 161, 89, 53, 180, 43, 171, 98, 88, 73, 89, 115, 68, 47, 110, 82, 92, 107, 223, 251, 139, 39, 128, 111, 179, 135, 21, 65, 116, 54, 127, 22, 42, 0, 95
| 47, 80, 64, 67, 13, 64, 86, 137, 81, 31, 65, 21, 29, 30, 84, 47, 91, 68, 109, 60, 129, 157, 44, 63, 101, 45, 111, 65, 106, 41, 117, 98, 32, 73, 66, 95, 0
|];

