n = 143;
k= 33;
c = [10, 5, 9, 3, 4, 4, 6, 2, 4, 5, 5, 8, 3, 5, 3, 4, 2, 3, 4, 4, 2, 3, 5, 3, 3, 3, 2, 3, 7, 2, 6, 2, 2];
D = [| 0, 54, 56, 182, 46, 135, 139, 108, 136, 100, 115, 76, 81, 79, 120, 46, 144, 123, 134, 27, 127, 18, 75, 116, 27, 46, 116, 185, 64, 39, 44, 107, 153, 101, 148, 163, 22, 151, 77, 94, 71
| 54, 0, 72, 179, 99, 132, 137, 142, 133, 96, 118, 72, 79, 56, 118, 50, 140, 118, 130, 72, 123, 41, 128, 113, 38, 35, 170, 182, 60, 40, 74, 104, 100, 94, 145, 160, 70, 148, 88, 40, 68
| 56, 72, 0, 128, 72, 104, 85, 71, 82, 76, 60, 54, 27, 91, 66, 24, 90, 114, 83, 35, 73, 71, 58, 66, 40, 53, 98, 131, 37, 89, 100, 54, 166, 101, 97, 109, 74, 97, 23, 110, 28
| 182, 179, 128, 0, 199, 136, 44, 80, 62, 111, 68, 109, 102, 135, 63, 137, 80, 147, 103, 163, 78, 198, 152, 94, 158, 145, 109, 28, 120, 216, 226, 78, 202, 137, 121, 23, 201, 43, 108, 175, 113
| 46, 99, 72, 199, 0, 153, 156, 123, 153, 119, 132, 97, 98, 122, 137, 65, 161, 149, 151, 39, 144, 58, 55, 133, 64, 84, 94, 202, 83, 76, 31, 124, 197, 134, 165, 180, 28, 168, 93, 138, 88
| 135, 132, 104, 136, 153, 0, 109, 171, 74, 36, 139, 61, 91, 75, 91, 89, 56, 19, 33, 116, 58, 151, 161, 42, 110, 97, 200, 109, 74, 169, 179, 64, 71, 38, 21, 116, 154, 93, 120, 126, 75
| 139, 137, 85, 44, 156, 109, 0, 63, 35, 84, 38, 70, 59, 104, 24, 94, 54, 120, 76, 120, 51, 155, 109, 67, 115, 103, 91, 47, 77, 173, 183, 46, 176, 110, 95, 24, 158, 18, 65, 133, 70
| 108, 142, 71, 80, 123, 171, 63, 0, 98, 145, 37, 125, 83, 162, 80, 94, 116, 182, 138, 88, 113, 124, 73, 129, 106, 124, 39, 85, 108, 142, 152, 108, 237, 172, 157, 69, 126, 80, 54, 181, 99
| 136, 133, 82, 62, 153, 74, 35, 98, 0, 51, 65, 61, 56, 80, 21, 90, 18, 85, 41, 117, 16, 152, 109, 32, 111, 98, 126, 49, 73, 170, 180, 28, 140, 75, 59, 42, 155, 19, 64, 128, 66
| 100, 96, 76, 111, 119, 36, 84, 145, 51, 0, 113, 28, 64, 40, 65, 56, 48, 37, 36, 82, 37, 116, 134, 23, 74, 61, 174, 93, 42, 133, 144, 38, 92, 26, 50, 91, 118, 69, 93, 90, 48
| 115, 118, 60, 68, 132, 139, 38, 37, 65, 113, 0, 94, 52, 132, 48, 71, 84, 150, 106, 95, 81, 131, 84, 96, 92, 95, 63, 72, 77, 148, 159, 76, 205, 139, 124, 50, 133, 53, 40, 151, 67
| 76, 72, 54, 109, 97, 61, 70, 125, 61, 28, 94, 0, 42, 40, 53, 35, 69, 60, 59, 61, 52, 91, 112, 41, 50, 37, 153, 110, 20, 109, 120, 33, 114, 48, 73, 88, 94, 76, 70, 67, 26
| 81, 79, 27, 102, 98, 91, 59, 83, 56, 64, 52, 42, 0, 81, 40, 36, 63, 102, 62, 62, 46, 97, 73, 48, 57, 45, 111, 105, 26, 115, 125, 32, 156, 91, 77, 82, 100, 71, 29, 100, 16
| 79, 56, 91, 135, 122, 75, 104, 162, 80, 40, 132, 40, 81, 0, 86, 68, 86, 62, 75, 94, 69, 79, 149, 57, 59, 41, 190, 129, 55, 95, 108, 61, 75, 38, 89, 115, 96, 97, 107, 51, 64
| 120, 118, 66, 63, 137, 91, 24, 80, 21, 65, 48, 53, 40, 86, 0, 75, 36, 102, 58, 101, 33, 136, 91, 48, 96, 84, 109, 66, 58, 154, 164, 28, 157, 91, 76, 43, 139, 32, 47, 115, 51
| 46, 50, 24, 137, 65, 89, 94, 94, 90, 56, 71, 35, 36, 68, 75, 0, 98, 90, 88, 27, 81, 62, 81, 70, 23, 29, 122, 139, 19, 80, 90, 61, 143, 78, 102, 117, 64, 105, 39, 87, 25
| 144, 140, 90, 80, 161, 56, 54, 116, 18, 48, 84, 69, 63, 86, 36, 98, 0, 67, 24, 124, 17, 159, 119, 29, 119, 105, 145, 53, 80, 177, 188, 36, 123, 59, 42, 60, 162, 37, 72, 135, 73
| 123, 118, 114, 147, 149, 19, 120, 182, 85, 37, 150, 60, 102, 62, 102, 90, 67, 0, 44, 117, 69, 139, 172, 53, 98, 84, 211, 120, 77, 156, 167, 75, 55, 24, 30, 127, 142, 104, 130, 113, 85
| 134, 130, 83, 103, 151, 33, 76, 138, 41, 36, 106, 59, 62, 75, 58, 88, 24, 44, 0, 115, 25, 150, 130, 20, 109, 95, 167, 76, 70, 168, 178, 35, 99, 41, 21, 83, 152, 60, 87, 125, 63
| 27, 72, 35, 163, 39, 116, 120, 88, 117, 82, 95, 61, 62, 94, 101, 27, 124, 117, 115, 0, 107, 42, 56, 97, 37, 56, 97, 166, 46, 61, 65, 88, 169, 104, 129, 144, 39, 132, 56, 113, 52
| 127, 123, 73, 78, 144, 58, 51, 113, 16, 37, 81, 52, 46, 69, 33, 81, 17, 69, 25, 107, 0, 142, 109, 17, 102, 88, 142, 60, 63, 160, 171, 19, 124, 59, 43, 58, 145, 35, 62, 118, 56
| 18, 41, 71, 198, 58, 151, 155, 124, 152, 116, 131, 91, 97, 79, 136, 62, 159, 139, 150, 42, 142, 0, 88, 132, 41, 56, 130, 201, 80, 23, 35, 123, 140, 115, 164, 179, 29, 167, 93, 80, 87
| 75, 128, 58, 152, 55, 161, 109, 73, 109, 134, 84, 112, 73, 149, 91, 81, 119, 172, 130, 56, 109, 88, 0, 119, 92, 111, 52, 156, 95, 107, 84, 99, 224, 159, 148, 133, 65, 122, 52, 168, 86
| 116, 113, 66, 94, 133, 42, 67, 129, 32, 23, 96, 41, 48, 57, 48, 70, 29, 53, 20, 97, 17, 132, 119, 0, 91, 78, 157, 73, 53, 150, 160, 21, 109, 43, 32, 75, 135, 52, 78, 108, 46
| 27, 38, 40, 158, 64, 110, 115, 106, 111, 74, 92, 50, 57, 59, 96, 23, 119, 98, 109, 37, 102, 41, 92, 91, 0, 23, 134, 160, 39, 59, 69, 82, 135, 76, 123, 138, 44, 126, 57, 76, 46
| 46, 35, 53, 145, 84, 97, 103, 124, 98, 61, 95, 37, 45, 41, 84, 29, 105, 84, 95, 56, 88, 56, 111, 78, 23, 0, 152, 147, 25, 73, 84, 69, 115, 63, 110, 125, 64, 113, 69, 57, 33
| 116, 170, 98, 109, 94, 200, 91, 39, 126, 174, 63, 153, 111, 190, 109, 122, 145, 211, 167, 97, 142, 130, 52, 157, 134, 152, 0, 114, 136, 148, 124, 136, 265, 200, 185, 94, 102, 108, 82, 209, 127
| 185, 182, 131, 28, 202, 109, 47, 85, 49, 93, 72, 110, 105, 129, 66, 139, 53, 120, 76, 166, 60, 201, 156, 73, 160, 147, 114, 0, 122, 219, 229, 77, 176, 111, 95, 23, 204, 35, 112, 177, 115
| 64, 60, 37, 120, 83, 74, 77, 108, 73, 42, 77, 20, 26, 55, 58, 19, 80, 77, 70, 46, 63, 80, 95, 53, 39, 25, 136, 122, 0, 98, 108, 44, 130, 65, 85, 100, 83, 88, 53, 74, 9
| 39, 40, 89, 216, 76, 169, 173, 142, 170, 133, 148, 109, 115, 95, 154, 80, 177, 156, 168, 61, 160, 23, 107, 150, 59, 73, 148, 219, 98, 0, 51, 141, 130, 132, 182, 197, 48, 185, 111, 63, 105
| 44, 74, 100, 226, 31, 179, 183, 152, 180, 144, 159, 120, 125, 108, 164, 90, 188, 167, 178, 65, 171, 35, 84, 160, 69, 84, 124, 229, 108, 51, 0, 151, 174, 143, 192, 207, 26, 195, 121, 114, 115
| 107, 104, 54, 78, 124, 64, 46, 108, 28, 38, 76, 33, 32, 61, 28, 61, 36, 75, 35, 88, 19, 123, 99, 21, 82, 69, 136, 77, 44, 141, 151, 0, 130, 64, 50, 56, 126, 43, 56, 99, 37
| 153, 100, 166, 202, 197, 71, 176, 237, 140, 92, 205, 114, 156, 75, 157, 143, 123, 55, 99, 169, 124, 140, 224, 109, 135, 115, 265, 176, 130, 130, 174, 130, 0, 66, 81, 183, 170, 160, 183, 75, 140
| 101, 94, 101, 137, 134, 38, 110, 172, 75, 26, 139, 48, 91, 38, 91, 78, 59, 24, 41, 104, 59, 115, 159, 43, 76, 63, 200, 111, 65, 132, 143, 64, 66, 0, 52, 118, 118, 95, 118, 89, 75
| 148, 145, 97, 121, 165, 21, 95, 157, 59, 50, 124, 73, 77, 89, 76, 102, 42, 30, 21, 129, 43, 164, 148, 32, 123, 110, 185, 95, 85, 182, 192, 50, 81, 52, 0, 102, 167, 79, 106, 140, 78
| 163, 160, 109, 23, 180, 116, 24, 69, 42, 91, 50, 88, 82, 115, 43, 117, 60, 127, 83, 144, 58, 179, 133, 75, 138, 125, 94, 23, 100, 197, 207, 56, 183, 118, 102, 0, 182, 23, 89, 155, 93
| 22, 70, 74, 201, 28, 154, 158, 126, 155, 118, 133, 94, 100, 96, 139, 64, 162, 142, 152, 39, 145, 29, 65, 135, 44, 64, 102, 204, 83, 48, 26, 126, 170, 118, 167, 182, 0, 170, 96, 110, 90
| 151, 148, 97, 43, 168, 93, 18, 80, 19, 69, 53, 76, 71, 97, 32, 105, 37, 104, 60, 132, 35, 167, 122, 52, 126, 113, 108, 35, 88, 185, 195, 43, 160, 95, 79, 23, 170, 0, 78, 143, 81
| 77, 88, 23, 108, 93, 120, 65, 54, 64, 93, 40, 70, 29, 107, 47, 39, 72, 130, 87, 56, 62, 93, 52, 78, 57, 69, 82, 112, 53, 111, 121, 56, 183, 118, 106, 89, 96, 78, 0, 127, 45
| 94, 40, 110, 175, 138, 126, 133, 181, 128, 90, 151, 67, 100, 51, 115, 87, 135, 113, 125, 113, 118, 80, 168, 108, 76, 57, 209, 177, 74, 63, 114, 99, 75, 89, 140, 155, 110, 143, 127, 0, 84
| 71, 68, 28, 113, 88, 75, 70, 99, 66, 48, 67, 26, 16, 64, 51, 25, 73, 85, 63, 52, 56, 87, 86, 46, 46, 33, 127, 115, 9, 105, 115, 37, 140, 75, 78, 93, 90, 81, 45, 84, 0
|];
C = [| 0, 84, 75, 13, 111, 137, 20, 63, 82, 106
| 1, 47, 29, 30, 130, -1, -1, -1, -1, -1
| 2, 4, 138, 76, 14, 124, 44, 67, 107, -1
| 3, 117, 17, -1, -1, -1, -1, -1, -1, -1
| 5, 86, 78, 116, -1, -1, -1, -1, -1, -1
| 6, 72, 28, 56, -1, -1, -1, -1, -1, -1
| 7, 37, 15, 21, 60, 112, -1, -1, -1, -1
| 8, 68, -1, -1, -1, -1, -1, -1, -1, -1
| 9, 103, 34, 41, -1, -1, -1, -1, -1, -1
| 10, 46, 65, 113, 38, -1, -1, -1, -1, -1
| 11, 25, 109, 119, 141, -1, -1, -1, -1, -1
| 12, 43, 122, 114, 16, 70, 98, 74, -1, -1
| 18, 131, 64, -1, -1, -1, -1, -1, -1, -1
| 19, 97, 110, 129, 77, -1, -1, -1, -1, -1
| 22, 49, 89, -1, -1, -1, -1, -1, -1, -1
| 23, 45, 134, 55, -1, -1, -1, -1, -1, -1
| 24, 62, -1, -1, -1, -1, -1, -1, -1, -1
| 26, 79, 83, -1, -1, -1, -1, -1, -1, -1
| 27, 101, 100, 121, -1, -1, -1, -1, -1, -1
| 31, 32, 90, 61, -1, -1, -1, -1, -1, -1
| 33, 108, -1, -1, -1, -1, -1, -1, -1, -1
| 35, 51, 123, -1, -1, -1, -1, -1, -1, -1
| 36, 87, 125, 118, 120, -1, -1, -1, -1, -1
| 39, 52, 128, -1, -1, -1, -1, -1, -1, -1
| 40, 135, 91, -1, -1, -1, -1, -1, -1, -1
| 42, 54, 80, -1, -1, -1, -1, -1, -1, -1
| 48, 142, -1, -1, -1, -1, -1, -1, -1, -1
| 53, 58, 71, -1, -1, -1, -1, -1, -1, -1
| 57, 59, 99, 93, 85, 94, 88, -1, -1, -1
| 66, 69, -1, -1, -1, -1, -1, -1, -1, -1
| 73, 96, 105, 139, 132, 126, -1, -1, -1, -1
| 81, 115, -1, -1, -1, -1, -1, -1, -1, -1
| 92, 140, -1, -1, -1, -1, -1, -1, -1, -1
|];
