n = 47;
k= 13;
c = [3, 2, 2, 3, 3, 3, 3, 3, 2, 2, 3, 2, 2];
D = [| 0, 67, 126, 20, 47, 74, 80, 99, 97, 88, 65, 24, 96, 58, 79, 47, 103, 79, 117, 54, 90, 34, 106, 81, 121, 45, 135, 54
| 67, 0, 88, 87, 97, 48, 34, 67, 30, 137, 27, 56, 82, 52, 145, 98, 36, 83, 111, 34, 57, 36, 39, 30, 55, 55, 86, 41
| 126, 88, 0, 123, 173, 52, 61, 26, 117, 214, 105, 132, 160, 129, 120, 173, 124, 48, 25, 71, 36, 96, 127, 92, 144, 81, 83, 72
| 20, 87, 123, 0, 52, 71, 78, 97, 117, 92, 85, 45, 117, 79, 59, 51, 123, 76, 114, 55, 87, 51, 127, 92, 142, 42, 132, 52
| 47, 97, 173, 52, 0, 121, 128, 147, 117, 40, 69, 41, 75, 49, 103, 34, 126, 127, 165, 102, 138, 77, 105, 127, 100, 93, 182, 102
| 74, 48, 52, 71, 121, 0, 21, 28, 77, 162, 57, 80, 108, 77, 98, 121, 83, 36, 63, 23, 18, 44, 87, 52, 103, 29, 61, 21
| 80, 34, 61, 78, 128, 21, 0, 39, 56, 169, 59, 87, 115, 83, 119, 128, 63, 57, 84, 26, 30, 51, 66, 31, 83, 37, 54, 27
| 99, 67, 26, 97, 147, 28, 39, 0, 96, 188, 79, 106, 134, 102, 94, 147, 102, 22, 45, 45, 12, 70, 105, 70, 122, 55, 62, 46
| 97, 30, 117, 117, 117, 77, 56, 96, 0, 157, 47, 77, 102, 72, 175, 119, 10, 113, 140, 63, 86, 66, 13, 26, 36, 85, 67, 71
| 88, 137, 214, 92, 40, 162, 169, 188, 157, 0, 110, 82, 87, 86, 97, 41, 167, 168, 206, 143, 179, 118, 146, 167, 123, 134, 223, 143
| 65, 27, 105, 85, 69, 57, 59, 79, 47, 110, 0, 41, 55, 26, 144, 80, 57, 84, 112, 39, 70, 34, 43, 57, 56, 55, 113, 42
| 24, 56, 132, 45, 41, 80, 87, 106, 77, 82, 41, 0, 72, 34, 104, 42, 86, 86, 124, 61, 97, 36, 82, 86, 97, 52, 141, 61
| 96, 82, 160, 117, 75, 108, 115, 134, 102, 87, 55, 72, 0, 38, 176, 109, 112, 117, 153, 89, 125, 67, 91, 112, 67, 88, 168, 89
| 58, 52, 129, 79, 49, 77, 83, 102, 72, 86, 26, 34, 38, 0, 138, 71, 82, 82, 120, 57, 93, 32, 62, 82, 63, 50, 138, 57
| 79, 145, 120, 59, 103, 98, 119, 94, 175, 97, 144, 104, 176, 138, 0, 69, 181, 72, 110, 111, 89, 110, 185, 150, 201, 91, 142, 104
| 47, 98, 173, 51, 34, 121, 128, 147, 119, 41, 80, 42, 109, 71, 69, 0, 128, 127, 165, 102, 138, 77, 119, 127, 134, 93, 182, 102
| 103, 36, 124, 123, 126, 83, 63, 102, 10, 167, 57, 86, 112, 82, 181, 128, 0, 119, 147, 70, 93, 72, 22, 32, 46, 91, 64, 77
| 79, 83, 48, 76, 127, 36, 57, 22, 113, 168, 84, 86, 117, 82, 72, 127, 119, 0, 38, 49, 27, 50, 123, 88, 139, 34, 80, 42
| 117, 111, 25, 114, 165, 63, 84, 45, 140, 206, 112, 124, 153, 120, 110, 165, 147, 38, 0, 77, 54, 88, 150, 115, 167, 72, 107, 70
| 54, 34, 71, 55, 102, 23, 26, 45, 63, 143, 39, 61, 89, 57, 111, 102, 70, 49, 77, 0, 36, 25, 73, 38, 90, 21, 80, 7
| 90, 57, 36, 87, 138, 18, 30, 12, 86, 179, 70, 97, 125, 93, 89, 138, 93, 27, 54, 36, 0, 61, 96, 61, 113, 45, 53, 37
| 34, 36, 96, 51, 77, 44, 51, 70, 66, 118, 34, 36, 67, 32, 110, 77, 72, 50, 88, 25, 61, 0, 76, 50, 91, 21, 105, 25
| 106, 39, 127, 127, 105, 87, 66, 105, 13, 146, 43, 82, 91, 62, 185, 119, 22, 123, 150, 73, 96, 76, 0, 36, 24, 95, 79, 81
| 81, 30, 92, 92, 127, 52, 31, 70, 26, 167, 57, 86, 112, 82, 150, 127, 32, 88, 115, 38, 61, 50, 36, 0, 56, 60, 56, 46
| 121, 55, 144, 142, 100, 103, 83, 122, 36, 123, 56, 97, 67, 63, 201, 134, 46, 139, 167, 90, 113, 91, 24, 56, 0, 111, 103, 97
| 45, 55, 81, 42, 93, 29, 37, 55, 85, 134, 55, 52, 88, 50, 91, 93, 91, 34, 72, 21, 45, 21, 95, 60, 111, 0, 90, 14
| 135, 86, 83, 132, 182, 61, 54, 62, 67, 223, 113, 141, 168, 138, 142, 182, 64, 80, 107, 80, 53, 105, 79, 56, 103, 90, 0, 81
| 54, 41, 72, 52, 102, 21, 27, 46, 71, 143, 42, 61, 89, 57, 104, 102, 77, 42, 70, 7, 37, 25, 81, 46, 97, 14, 81, 0
|];
C = [| 0, 13, 27
| 1, 29, -1
| 2, 5, -1
| 4, 7, 28
| 6, 36, 34
| 9, 44, 10
| 11, 23, 46
| 14, 24, 22
| 17, 25, -1
| 19, 32, -1
| 30, 31, 43
| 38, 42, -1
| 41, 45, -1
|];
