n = 47;
k= 14;
c = [3, 2, 3, 3, 2, 2, 3, 3, 3, 2, 2, 3, 2, 2];
D = [| 0, 68, 125, 21, 48, 72, 82, 103, 98, 89, 67, 24, 98, 59, 81, 48, 105, 81, 55, 93, 34, 108, 82, 124, 46, 138, 56
| 68, 0, 103, 90, 98, 57, 39, 69, 31, 140, 28, 56, 84, 53, 150, 99, 37, 87, 36, 59, 38, 39, 31, 55, 58, 88, 44
| 125, 103, 0, 121, 173, 58, 68, 37, 133, 215, 111, 131, 159, 127, 117, 173, 139, 44, 77, 47, 95, 142, 106, 158, 79, 97, 73
| 21, 90, 121, 0, 52, 68, 78, 98, 120, 94, 89, 46, 120, 81, 60, 52, 127, 77, 55, 89, 52, 130, 94, 146, 42, 134, 52
| 48, 98, 173, 52, 0, 120, 130, 151, 119, 41, 70, 42, 75, 49, 104, 35, 129, 129, 103, 141, 78, 106, 130, 101, 94, 186, 104
| 72, 57, 58, 68, 120, 0, 22, 30, 87, 162, 58, 78, 106, 74, 93, 120, 94, 30, 24, 21, 42, 97, 61, 113, 26, 66, 18
| 82, 39, 68, 78, 130, 22, 0, 34, 65, 172, 59, 88, 116, 84, 115, 130, 72, 52, 26, 24, 52, 75, 39, 91, 36, 56, 26
| 103, 69, 37, 98, 151, 30, 34, 0, 99, 192, 81, 108, 136, 105, 94, 151, 105, 22, 47, 12, 72, 108, 72, 124, 56, 63, 46
| 98, 31, 133, 120, 119, 87, 65, 99, 0, 161, 48, 79, 105, 73, 180, 120, 11, 117, 66, 89, 68, 13, 27, 37, 88, 68, 74
| 89, 140, 215, 94, 41, 162, 172, 192, 161, 0, 112, 84, 86, 87, 98, 41, 171, 171, 145, 183, 120, 148, 172, 124, 136, 228, 146
| 67, 28, 111, 89, 70, 58, 59, 81, 48, 112, 0, 43, 56, 27, 149, 81, 58, 86, 39, 71, 37, 43, 59, 57, 57, 116, 43
| 24, 56, 131, 46, 42, 78, 88, 108, 79, 84, 43, 0, 74, 35, 106, 42, 87, 87, 61, 99, 36, 84, 88, 100, 52, 144, 62
| 98, 84, 159, 120, 75, 106, 116, 136, 105, 86, 56, 74, 0, 38, 180, 110, 115, 117, 89, 127, 68, 92, 116, 68, 88, 172, 90
| 59, 53, 127, 81, 49, 74, 84, 105, 73, 87, 27, 35, 38, 0, 141, 72, 83, 83, 58, 95, 32, 62, 84, 64, 50, 141, 58
| 81, 150, 117, 60, 104, 93, 115, 94, 180, 98, 149, 106, 180, 141, 0, 70, 187, 73, 114, 91, 112, 190, 154, 206, 92, 144, 106
| 48, 99, 173, 52, 35, 120, 130, 151, 120, 41, 81, 42, 110, 72, 70, 0, 129, 129, 104, 141, 78, 120, 130, 136, 94, 187, 104
| 105, 37, 139, 127, 129, 94, 72, 105, 11, 171, 58, 87, 115, 83, 187, 129, 0, 124, 72, 96, 75, 23, 33, 47, 95, 65, 81
| 81, 87, 44, 77, 129, 30, 52, 22, 117, 171, 86, 87, 117, 83, 73, 129, 124, 0, 51, 28, 51, 127, 91, 143, 35, 81, 43
| 55, 36, 77, 55, 103, 24, 26, 47, 66, 145, 39, 61, 89, 58, 114, 104, 72, 51, 0, 37, 25, 75, 39, 91, 22, 83, 8
| 93, 59, 47, 89, 141, 21, 24, 12, 89, 183, 71, 99, 127, 95, 91, 141, 96, 28, 37, 0, 63, 99, 63, 115, 47, 53, 37
| 34, 38, 95, 52, 78, 42, 52, 72, 68, 120, 37, 36, 68, 32, 112, 78, 75, 51, 25, 63, 0, 78, 52, 94, 20, 108, 26
| 108, 39, 142, 130, 106, 97, 75, 108, 13, 148, 43, 84, 92, 62, 190, 120, 23, 127, 75, 99, 78, 0, 37, 24, 98, 80, 84
| 82, 31, 106, 94, 130, 61, 39, 72, 27, 172, 59, 88, 116, 84, 154, 130, 33, 91, 39, 63, 52, 37, 0, 57, 62, 56, 48
| 124, 55, 158, 146, 101, 113, 91, 124, 37, 124, 57, 100, 68, 64, 206, 136, 47, 143, 91, 115, 94, 24, 57, 0, 114, 104, 100
| 46, 58, 79, 42, 94, 26, 36, 56, 88, 136, 57, 52, 88, 50, 92, 94, 95, 35, 22, 47, 20, 98, 62, 114, 0, 92, 14
| 138, 88, 97, 134, 186, 66, 56, 63, 68, 228, 116, 144, 172, 141, 144, 187, 65, 81, 83, 53, 108, 80, 56, 104, 92, 0, 82
| 56, 44, 73, 52, 104, 18, 26, 46, 74, 146, 43, 62, 90, 58, 106, 104, 81, 43, 8, 37, 26, 84, 48, 100, 14, 82, 0
|];
C = [| 0, 13, 27
| 1, 29, -1
| 2, 5, 26
| 4, 7, 28
| 6, 36, -1
| 8, 34, -1
| 9, 44, 10
| 11, 23, 46
| 14, 24, 22
| 17, 25, -1
| 19, 32, -1
| 30, 31, 43
| 38, 42, -1
| 41, 45, -1
|];
