m = 20;
n = 33;
l = [100, 200, 210, 300, 200, 210, 100, 200, 300, 200, 200, 100, 300, 190, 200, 100, 300, 190, 100, 300];
s = [20, 61, 29, 52, 37, 1, 70, 53, 47, 42, 44, 5, 35, 37, 24, 13, 55, 51, 34, 10, 17, 25, 10, 1, 23, 15, 23, 5, 33, 2, 15, 20, 19];
D = [| 0, 235, 245, 168, 179, 107, 106, 216, 140, 159, 91, 136, 161, 230, 177, 157, 231, 57, 137, 201, 152, 223, 189, 176, 79, 79, 118, 115, 160, 214, 180, 195, 210, 167
| 235, 0, 92, 93, 138, 129, 128, 79, 94, 87, 144, 105, 73, 115, 58, 79, 78, 177, 192, 47, 83, 47, 46, 63, 157, 165, 117, 120, 76, 61, 55, 73, 27, 68
| 245, 92, 0, 78, 69, 142, 139, 28, 107, 144, 153, 111, 85, 26, 103, 88, 14, 187, 114, 46, 95, 44, 87, 69, 167, 171, 129, 130, 88, 32, 67, 50, 108, 78
| 168, 93, 78, 0, 44, 104, 62, 50, 69, 143, 77, 32, 48, 63, 101, 25, 64, 111, 98, 46, 60, 57, 87, 33, 90, 92, 55, 53, 76, 47, 53, 29, 108, 38
| 179, 138, 69, 44, 0, 148, 78, 60, 113, 187, 88, 44, 93, 52, 146, 69, 67, 122, 60, 90, 104, 90, 131, 77, 101, 103, 95, 64, 120, 76, 97, 64, 152, 82
| 107, 129, 142, 104, 148, 0, 82, 113, 36, 54, 108, 113, 60, 130, 71, 79, 128, 95, 203, 97, 47, 119, 84, 74, 131, 172, 56, 113, 55, 110, 75, 92, 104, 68
| 106, 128, 139, 62, 78, 82, 0, 110, 47, 121, 28, 36, 55, 124, 81, 51, 125, 49, 122, 95, 47, 117, 83, 70, 48, 89, 26, 31, 59, 108, 73, 89, 104, 61
| 216, 79, 28, 50, 60, 113, 110, 0, 78, 131, 125, 82, 56, 36, 90, 60, 14, 159, 113, 31, 66, 31, 74, 40, 138, 142, 100, 101, 66, 17, 43, 21, 94, 49
| 140, 94, 107, 69, 113, 36, 47, 78, 0, 73, 73, 77, 25, 95, 37, 43, 93, 83, 167, 62, 12, 84, 48, 39, 95, 136, 24, 77, 19, 75, 40, 57, 69, 33
| 159, 87, 144, 143, 187, 54, 121, 131, 73, 0, 147, 151, 95, 168, 43, 117, 131, 135, 241, 99, 82, 100, 57, 111, 169, 210, 95, 151, 66, 113, 90, 124, 61, 105
| 91, 144, 153, 77, 88, 108, 28, 125, 73, 147, 0, 44, 70, 139, 106, 66, 139, 35, 97, 109, 68, 131, 100, 84, 22, 63, 53, 23, 82, 122, 88, 103, 121, 75
| 136, 105, 111, 32, 44, 113, 36, 82, 77, 151, 44, 0, 57, 95, 110, 34, 97, 78, 90, 67, 69, 89, 96, 42, 58, 60, 59, 21, 85, 80, 62, 61, 117, 47
| 161, 73, 85, 48, 93, 60, 55, 56, 25, 95, 70, 57, 0, 75, 53, 23, 71, 104, 147, 40, 14, 62, 38, 20, 83, 116, 44, 58, 28, 53, 18, 36, 59, 13
| 230, 115, 26, 63, 52, 130, 124, 36, 95, 168, 139, 95, 75, 0, 126, 73, 37, 173, 97, 68, 85, 68, 111, 56, 152, 155, 114, 115, 101, 54, 77, 43, 131, 63
| 177, 58, 103, 101, 146, 71, 81, 90, 37, 43, 106, 110, 53, 126, 0, 76, 89, 119, 200, 58, 41, 62, 20, 70, 129, 169, 59, 111, 26, 72, 49, 83, 33, 64
| 157, 79, 88, 25, 69, 79, 51, 60, 43, 117, 66, 34, 23, 73, 76, 0, 74, 100, 124, 44, 35, 66, 62, 19, 79, 93, 41, 42, 51, 57, 28, 38, 83, 14
| 231, 78, 14, 64, 67, 128, 125, 14, 93, 131, 139, 97, 71, 37, 89, 74, 0, 173, 114, 32, 81, 31, 74, 55, 153, 157, 115, 116, 74, 18, 53, 36, 94, 64
| 57, 177, 187, 111, 122, 95, 49, 159, 83, 135, 35, 78, 104, 173, 119, 100, 173, 0, 116, 143, 94, 165, 131, 118, 38, 78, 60, 57, 102, 156, 122, 137, 152, 109
| 137, 192, 114, 98, 60, 203, 122, 113, 167, 241, 97, 90, 147, 97, 200, 124, 114, 116, 0, 145, 159, 145, 186, 132, 83, 62, 149, 91, 175, 131, 152, 119, 207, 137
| 201, 47, 46, 46, 90, 97, 95, 31, 62, 99, 109, 67, 40, 68, 58, 44, 32, 143, 145, 0, 50, 22, 43, 25, 123, 127, 84, 86, 43, 14, 22, 26, 63, 34
| 152, 83, 95, 60, 104, 47, 47, 66, 12, 82, 68, 69, 14, 85, 41, 35, 81, 94, 159, 50, 0, 72, 37, 29, 88, 128, 34, 70, 16, 63, 28, 45, 58, 23
| 223, 47, 44, 57, 90, 119, 117, 31, 84, 100, 131, 89, 62, 68, 62, 66, 31, 165, 145, 22, 72, 0, 43, 47, 145, 149, 106, 108, 65, 14, 44, 29, 64, 56
| 189, 46, 87, 87, 131, 84, 83, 74, 48, 57, 100, 96, 38, 111, 20, 62, 74, 131, 186, 43, 37, 43, 0, 56, 115, 155, 71, 97, 30, 57, 35, 68, 21, 50
| 176, 63, 69, 33, 77, 74, 70, 40, 39, 111, 84, 42, 20, 56, 70, 19, 55, 118, 132, 25, 29, 47, 56, 0, 98, 102, 60, 61, 45, 38, 21, 19, 77, 9
| 79, 157, 167, 90, 101, 131, 48, 138, 95, 169, 22, 58, 83, 152, 129, 79, 153, 38, 83, 123, 88, 145, 115, 98, 0, 41, 75, 37, 103, 136, 102, 117, 136, 89
| 79, 165, 171, 92, 103, 172, 89, 142, 136, 210, 63, 60, 116, 155, 169, 93, 157, 78, 62, 127, 128, 149, 155, 102, 41, 0, 116, 59, 144, 140, 121, 121, 176, 106
| 118, 117, 129, 55, 95, 56, 26, 100, 24, 95, 53, 59, 44, 114, 59, 41, 115, 60, 149, 84, 34, 106, 71, 60, 75, 116, 0, 58, 42, 97, 62, 79, 92, 51
| 115, 120, 130, 53, 64, 113, 31, 101, 77, 151, 23, 21, 58, 115, 111, 42, 116, 57, 91, 86, 70, 108, 97, 61, 37, 59, 58, 0, 85, 99, 65, 80, 118, 52
| 160, 76, 88, 76, 120, 55, 59, 66, 19, 66, 82, 85, 28, 101, 26, 51, 74, 102, 175, 43, 16, 65, 30, 45, 103, 144, 42, 85, 0, 56, 24, 58, 51, 39
| 214, 61, 32, 47, 76, 110, 108, 17, 75, 113, 122, 80, 53, 54, 72, 57, 18, 156, 131, 14, 63, 14, 57, 38, 136, 140, 97, 99, 56, 0, 35, 19, 77, 47
| 180, 55, 67, 53, 97, 75, 73, 43, 40, 90, 88, 62, 18, 77, 49, 28, 53, 122, 152, 22, 28, 44, 35, 21, 102, 121, 62, 65, 24, 35, 0, 34, 56, 16
| 195, 73, 50, 29, 64, 92, 89, 21, 57, 124, 103, 61, 36, 43, 83, 38, 36, 137, 119, 26, 45, 29, 68, 19, 117, 121, 79, 80, 58, 19, 34, 0, 89, 28
| 210, 27, 108, 108, 152, 104, 104, 94, 69, 61, 121, 117, 59, 131, 33, 83, 94, 152, 207, 63, 58, 64, 21, 77, 136, 176, 92, 118, 51, 77, 56, 89, 0, 71
| 167, 68, 78, 38, 82, 68, 61, 49, 33, 105, 75, 47, 13, 63, 64, 14, 64, 109, 137, 34, 23, 56, 50, 9, 89, 106, 51, 52, 39, 47, 16, 28, 71, 0
|];

